224
0 22.372748616812 8.074784227704 
3
1 25.503328910930 -4.436069665116 
2 20.188614059640 -34.337798749464 
3 38.122447442160 -6.317804301281 
20
4 -1.528983969555 -31.978731738306 0
5 27.884185083379 6.324953033186 0
6 -26.121881888177 19.533887369285 0
7 -35.138315094362 -23.272825114678 0
8 -12.966753464372 -30.406388126579 0
9 -23.266151956214 -23.160434910354 0
10 -23.670956565780 15.717466621198 1
11 33.306625399077 30.729903714791 1
12 18.641234527751 20.560872556057 1
13 18.445258840745 2.731565087937 1
14 18.071351910231 16.163484806448 1
15 18.368387329419 15.592739360210 1
16 -37.999139792957 5.365059715024 1
17 -4.443121193803 33.863979342619 2
18 -18.937172559141 -15.628147182268 2
19 1.365922973226 5.412499498241 2
20 10.618257527581 -37.530370380113 2
21 28.551104390197 33.310737074278 2
22 -38.271567838606 -8.929504719320 2
23 24.970587448819 23.275801298642 2
200
24 33.140562278322 -16.116316405856 
25 -9.475267170179 17.037588608642 
26 35.443383582845 -20.635639109187 
27 -32.873577861353 -14.413401041292 
28 14.108740267494 31.375015450675 
29 -14.047905379686 -9.065092424896 
30 22.984344627468 -34.578951065134 
31 -31.331297424469 12.127462230383 
32 -10.665217503179 15.714502016643 
33 -1.856519603317 28.450205665041 
34 -35.712707475726 12.739698719353 
35 9.813514826584 -8.872865535223 
36 -32.547963105996 -1.138385762578 
37 20.196900467410 9.179877114087 
38 -7.359975899428 -18.231514050115 
39 24.250010115829 -23.502392131507 
40 -1.364455944900 7.176803881412 
41 10.883470511780 -37.285622143120 
42 -8.503859170796 30.734447752483 
43 -15.564166029375 -25.636516998707 
44 34.775765902968 -38.282038189308 
45 19.777091153662 -1.646115297445 
46 13.009798314153 -31.682920658548 
47 19.192726804852 4.082239940406 
48 30.845212315879 -34.618520010785 
49 -2.788827240272 28.296160055277 
50 -3.478489000163 17.365307040067 
51 -13.695671314813 -32.359500060810 
52 -37.194257540144 -38.093058153417 
53 17.503209275058 22.920075796091 
54 -16.779431809837 8.616704984593 
55 -1.116049612013 29.388403132090 
56 11.493581955515 -27.906384829399 
57 -31.304507839057 -11.112911871071 
58 -10.404835542672 32.148196563330 
59 7.498650235617 10.152111107928 
60 23.342682064633 29.120932647047 
61 38.339733953633 23.994042931622 
62 10.163924160179 10.096612842565 
63 -24.804482642821 -15.857153904075 
64 -35.239353719111 -20.467046259936 
65 -11.054158170762 12.940930103991 
66 -12.491091450539 4.945081764650 
67 28.259035885380 6.670571457095 
68 36.888803725723 31.748115587057 
69 29.726835949597 -20.858193884349 
70 30.017466585138 -21.397941493339 
71 27.049149848188 22.774571381249 
72 -30.321250567347 8.680025304216 
73 26.994949976119 30.640024687792 
74 -34.421536712421 -31.207552309655 
75 -9.258557671117 14.503892689159 
76 10.828152758221 25.055528247573 
77 -38.125920067961 -28.826850922196 
78 -23.663183454476 19.465604811553 
79 3.779930944948 36.676764419573 
80 38.243712686882 -4.129113479653 
81 26.494731281872 -34.393017732327 
82 11.013159405514 27.394059687884 
83 -7.624549869991 10.402832991589 
84 11.243679961951 27.916552641057 
85 3.375253123927 -20.183788201827 
86 -32.282457648308 4.050433433937 
87 -7.533709332011 -17.625025200990 
88 14.464342610995 -22.996915997925 
89 23.695740269669 -21.183857578663 
90 9.994577024847 -9.708391204276 
91 -25.834348242194 17.930142589640 
92 2.975466369307 4.536871040418 
93 8.906894656961 17.193357632140 
94 3.087123916620 -6.760104931802 
95 -32.380294614392 13.738810816498 
96 -25.660964009085 4.940622018280 
97 17.138316324821 36.071811235475 
98 25.136248255401 -1.931729764615 
99 -0.021488140156 23.196099968293 
100 11.806789393472 -35.915947034450 
101 -4.110697318883 34.810860276109 
102 35.630787252102 -34.861117418255 
103 -32.582504902735 -32.682348119107 
104 2.500515342092 -6.169373223598 
105 35.175366808323 32.575036528003 
106 14.362191767725 25.452193940781 
107 31.508753235593 23.713406152485 
108 -2.156959134339 -37.503210026851 
109 31.817916171674 -6.887802924212 
110 -5.491679731285 -17.740355582840 
111 -18.336112539115 -31.684016834558 
112 24.850089185314 34.158913656041 
113 2.929200312944 24.503612242782 
114 -23.010821021872 34.362302464233 
115 -28.858626661758 -22.098376205225 
116 -22.644962062624 -35.298418500979 
117 -12.028735777869 36.902664968467 
118 -33.945373926463 20.596801420091 
119 31.328388559081 20.675505739176 
120 17.743698082059 20.169813100991 
121 -31.413554161241 -18.173025201482 
122 34.851186359164 -22.529534425531 
123 -30.569400554542 -23.656635171164 
124 -33.175445128158 8.970106606508 
125 27.241054419984 -18.623855817593 
126 13.955025156024 5.828626966549 
127 -36.856700140975 3.492554075026 
128 -14.722913587278 -2.683190031339 
129 -32.115653037853 -12.020660016562 
130 30.618696980298 -3.228878968915 
131 22.834020087125 20.093653959718 
132 -28.825904029694 11.092674821560 
133 -28.506665870533 -15.133534628148 
134 27.194031481415 35.023929219666 
135 35.165799537201 2.708590813833 
136 -35.217560105346 28.857655526634 
137 21.131749551850 16.722622533734 
138 -25.457806383686 36.837792010840 
139 22.495780105320 37.715010717073 
140 -14.576277046189 -6.091895864749 
141 17.966682985928 18.348654378778 
142 32.393678790743 21.397653868114 
143 -34.885636530207 12.331953433528 
144 29.026698701751 2.175326960054 
145 -14.496251903235 10.726280972098 
146 -14.074372972115 -5.966346596997 
147 17.136924162092 -32.532068039051 
148 -20.138330292330 35.695655910386 
149 3.995529115246 25.359252097221 
150 16.849215076851 -8.502979494544 
151 -4.729375513189 -16.128552626520 
152 -10.015171508415 -23.636372455853 
153 8.245378904271 19.935986704064 
154 -35.502322012509 35.118648797427 
155 -37.640518858036 0.104159499878 
156 -22.097647169773 4.476290937947 
157 12.386652390915 19.627122729415 
158 27.951587202321 30.047825182691 
159 1.766271138484 26.976719127591 
160 37.436777154870 33.070441131111 
161 35.834845023926 -6.417137446553 
162 -22.142887254100 3.915589741366 
163 -15.269951852044 -21.084655698351 
164 -25.635941289334 18.757610659898 
165 14.442004886529 -22.280767776086 
166 30.876754629167 36.893213606282 
167 11.541197716237 -13.552761437342 
168 17.766294053699 -4.968064349584 
169 8.368002868489 -5.196897353223 
170 -28.181421733138 -21.355131977881 
171 18.748956048279 7.576851701267 
172 13.805155305075 -15.611845998990 
173 -15.087976109860 25.111224737735 
174 3.473098276466 8.337036245453 
175 -31.238358184013 20.569286809891 
176 -16.679040321115 -28.949401014812 
177 -8.472673982444 -7.894091281135 
178 -33.185667379952 15.892230185114 
179 -18.219951630551 -37.301932720157 
180 -24.837138161598 24.199849531676 
181 31.579781105343 -22.073690135146 
182 -30.138368224127 -32.889579629698 
183 26.574467336382 -6.236231654756 
184 -5.775700596884 -37.165246760578 
185 36.684674973308 3.281780576654 
186 -0.065879876019 11.614486470415 
187 -0.691297745698 19.271824203918 
188 -10.567058437241 3.582860627048 
189 14.704372611459 23.718077761050 
190 -22.923947038665 13.863618440264 
191 12.594279051260 28.979634792391 
192 -0.269930286958 21.633030745155 
193 28.178762684164 9.057851447941 
194 -11.189317869430 23.262377493348 
195 7.145184470970 5.977337486529 
196 18.789688177851 -22.829410633092 
197 19.707560810758 11.871701483781 
198 -33.741312420177 -33.062131255120 
199 14.871746345110 -28.607099254133 
200 30.417942291326 -2.965590916020 
201 13.889287015660 -14.982313751089 
202 -14.393786803519 2.829440037277 
203 -29.555216963991 -38.067308768584 
204 22.650034777837 -32.917057392706 
205 -11.344645894244 -30.396685623124 
206 16.284382599315 -11.220864310754 
207 20.783794804508 28.601850243532 
208 -7.562735337902 -35.708510561146 
209 -36.184914425192 1.080026761182 
210 -0.140414671512 15.670540350034 
211 32.401836983675 -18.954761737845 
212 -25.368954163311 2.497879682515 
213 -19.420246288201 28.274025912490 
214 -19.522509364742 -24.539917003315 
215 -32.202056262969 -25.887015614917 
216 22.553040604364 36.990935985977 
217 -14.316619419497 10.672734018063 
218 16.625251728844 14.971390796019 
219 5.381503749855 4.334845516702 
220 -3.939005620689 -5.069491361499 
221 11.634238800845 34.130924044455 
222 37.466892963516 21.785667428875 
223 -11.152704539546 -38.289564319897 
1315
0 37 2.440398626617
0 47 5.104208911337
0 5 5.782546250080
0 67 6.051461915376
0 13 6.631377437357
0 15 8.517896377296
0 14 9.161282152623
0 62 12.375103456568
0 120 12.950591967125
0 12 13.031753494458
0 59 15.018458297068
0 126 8.712249462920
0 137 8.736428678040
0 144 8.892617600328
0 171 3.657842175469
0 193 5.888651841448
0 197 4.638944566497
1 98 2.531099868615
1 109 6.773847374078
1 80 12.744081012703
1 3 12.758647175394
1 35 16.305073553784
1 90 16.380438317589
1 130 5.255882405658
1 150 9.562083549828
1 161 10.519736439081
1 168 7.755303135682
1 183 2.094736431015
1 200 5.129886200522
1 206 11.446502063072
2 30 2.806111873614
2 81 6.306358977778
2 46 7.654003735646
2 100 8.529099409890
2 41 9.760909753013
2 20 10.088817461306
2 56 10.815112958401
2 39 11.571558862214
2 89 13.613452999808
2 70 16.249499923902
2 69 16.512947167047
2 147 3.545909563050
2 199 7.817288468492
2 204 2.842023566893
3 80 2.192047620892
3 109 6.330245885483
3 98 13.706896773499
3 130 8.114661465695
3 161 2.289758043475
3 183 11.548268208701
3 200 8.402186274986
4 108 5.560055140750
4 8 11.545338256193
4 51 12.172644144667
4 111 16.809712300578
4 184 6.703323070618
4 205 9.942338202373
4 208 7.093476273473
5 67 0.509867844354
5 37 8.200300986832
5 47 8.976146669028
5 13 10.099790371040
5 15 13.283157391888
5 14 13.895625294946
5 135 8.130189712157
5 144 4.304036932344
5 171 9.220610597942
5 185 9.311794719759
5 193 2.748728744030
6 91 1.629316702121
6 78 2.459646416779
6 10 4.535647942951
6 54 14.368933317645
6 96 14.600542417873
6 164 0.915829566645
6 180 4.839604254880
6 190 6.509895316297
7 64 2.807597511291
7 123 4.585007113586
7 77 6.306582763181
7 121 6.315204126830
7 115 6.388569249174
7 74 7.967036268747
7 27 9.144311327085
7 103 9.750450702737
7 9 11.872695108391
7 63 12.719287426592
7 57 12.749963457315
7 22 14.681556890303
7 52 14.962159157786
7 116 17.340667987949
7 129 11.651081722446
7 170 7.216364195795
7 182 10.838885371999
7 198 9.888484776900
7 203 15.812897625642
7 215 3.931362091753
8 51 2.084698409920
8 111 5.519270965351
8 116 10.844338746799
8 108 12.931223242284
8 38 13.403861885312
8 87 13.888167869803
8 110 14.707314768990
8 152 7.385455180598
8 163 9.602052815750
8 176 3.987967546333
8 179 8.668600014717
8 184 9.868810028438
8 205 1.622136587233
8 208 7.570727456616
8 223 8.089205177058
9 115 5.692428482229
9 123 7.320085709048
9 63 7.463536343988
9 121 9.552717848582
9 64 12.272404119701
9 27 12.992814707724
9 170 5.236315083906
9 214 3.989715616117
9 215 9.342624262913
10 91 3.094543340608
10 78 3.748146250515
10 72 9.682561158973
10 54 9.895146753923
10 96 10.959037787135
10 36 19.050485681439
10 66 15.525258757669
10 86 14.500952185531
10 132 6.925473452820
10 156 11.350741526318
10 164 3.619895128293
10 180 8.562172583777
10 190 1.998693651251
11 105 2.626158706746
11 68 3.724078004112
11 21 5.410700591914
11 73 6.312315334666
11 107 7.243174881092
11 112 9.125300757338
11 60 10.093015142605
11 119 10.247162516871
11 97 17.027923956848
11 134 7.470104379374
11 139 12.871134207943
11 142 9.376798958625
11 158 5.398302067565
11 160 4.747238031010
11 166 6.625002700151
11 216 12.443476645934
11 222 9.864440630164
12 120 0.979029707794
12 53 2.619339879349
12 14 4.434161162854
12 15 4.975619865435
12 106 6.498863887695
12 23 6.887056445010
12 76 9.013666097800
12 82 10.241092541768
12 93 10.300365502391
12 84 10.432154286955
12 37 11.486825225708
12 131 4.218737247526
12 137 4.575459356079
12 141 2.312775182861
12 157 6.323898041966
12 189 5.046466729740
12 197 8.754355810973
13 47 1.543706874526
13 37 6.681988953512
13 67 10.574780898822
13 62 11.082618486598
13 15 12.861404001548
13 59 13.224702007556
13 92 15.574774755720
13 126 5.454721883227
13 171 4.854794986318
13 193 11.608746537789
13 195 11.756985975407
13 219 13.161770595479
14 15 0.643413090210
14 120 4.019704396441
14 53 6.780435668541
14 37 7.299913223438
14 93 9.222142635207
14 23 9.908809055687
14 106 10.001899136913
14 76 11.468756275836
14 47 12.133175972002
14 67 13.924952733702
14 131 6.174887669951
14 137 3.111055885532
14 141 2.187674940102
14 157 6.656770710060
14 171 8.613327780300
14 189 8.270938538526
14 197 4.593101746630
15 120 4.619506541213
15 37 6.668452780335
15 53 7.378237751003
15 93 9.595927388397
15 23 10.130078339598
15 106 10.642295217897
15 47 11.539979742793
15 76 12.099566558992
15 67 13.320285618143
15 131 6.340355523057
15 137 2.985432423984
15 141 2.785037516650
15 157 7.215081568785
15 171 8.024916666892
15 193 11.787630153127
15 197 3.954681844466
16 86 5.865892685847
16 34 7.720950277359
16 72 8.362952816934
16 36 8.485878289995
16 31 9.496852617090
16 95 10.084201934220
16 96 12.345474030273
16 22 14.297160186823
16 118 15.761946994906
16 57 17.785995743572
16 124 6.021992470022
16 127 2.193500793309
16 143 7.630957387647
16 155 5.273109144394
16 209 4.653269936352
17 101 1.003538307601
17 42 5.126749544444
17 55 5.576754228636
17 49 5.808381883209
17 33 5.999954434823
17 58 6.203704419395
17 117 8.171606876908
17 79 8.690819660179
17 99 11.547921423627
17 113 11.915015595565
17 50 16.526847945571
17 114 18.574385665179
17 148 15.801728629976
17 159 9.273128188792
18 63 5.871777558516
18 121 12.733283237794
18 64 17.005177295646
18 133 9.582267154253
18 214 8.930971980659
19 92 1.832308691246
19 40 3.250805899008
19 59 7.750758794180
19 62 9.967233453075
19 104 11.637313933566
19 94 12.293690711005
19 50 12.897206499853
19 174 3.604594699045
19 186 6.365116008537
19 195 5.806798206612
19 219 4.157670871721
20 41 0.360887276721
20 100 2.004737073848
20 46 6.317605209260
20 56 9.663709988120
20 30 12.713417563143
20 88 15.033750920779
20 81 16.183491604326
20 39 19.560389882887
20 89 20.933920694356
20 147 8.214380133921
20 199 9.885187641547
21 73 3.091006504649
21 112 3.796961556380
21 105 6.664991213646
21 60 6.684468883904
21 68 8.482866032300
21 107 10.042731078501
21 97 11.742029720146
21 28 14.571509861947
21 134 2.185560387353
21 139 7.487628363884
21 158 3.317531442325
21 160 8.888921341825
21 166 4.271157587398
21 216 7.037089825246
21 222 14.571153565024
22 64 11.929341443177
22 77 19.897879263635
22 34 21.819764985520
22 155 9.055678441789
22 209 10.224717254129
23 53 7.475846268024
23 120 7.866072247529
23 106 10.829346418848
23 131 3.832881654536
23 137 7.594789551005
23 141 8.563378684563
24 26 5.072205009402
24 69 5.842852853570
24 70 6.135901749010
24 122 6.637439273834
24 89 10.718425085489
24 39 11.558374988685
24 48 18.644038449014
24 102 18.909489295443
24 44 22.225955841660
24 125 6.410300060995
24 181 6.158436459066
24 211 2.932999652853
25 32 1.779477430297
25 75 2.542946719730
25 65 4.390388103055
25 83 6.888043018392
25 54 11.147291244648
25 66 12.462901663015
25 145 8.064917344442
25 194 6.456467026073
25 217 7.996878488585
26 122 1.984322811693
26 70 5.479204339216
26 69 5.720878208032
26 39 11.554647656380
26 89 11.760428006832
26 102 14.226712665160
26 48 14.719515525608
26 44 17.659023581767
26 125 8.445441119814
26 181 4.122549557910
26 211 3.475104955596
27 57 3.654478006175
27 121 4.033167865435
27 64 6.499501199504
27 63 8.197238557864
27 115 8.670563788209
27 123 9.526101523754
27 36 13.279008081140
27 77 15.340620460875
27 74 16.865340003369
27 103 18.271265714209
27 52 24.070613491029
27 129 2.509912279245
27 133 4.425891177886
27 170 8.378780193294
27 215 11.493249002836
28 84 4.491050607587
28 82 5.042879104079
28 97 5.589116364082
28 106 5.928241923289
28 76 7.120264947048
28 60 9.505081293632
28 112 11.096245571912
28 120 11.780045755897
28 73 12.907153523384
28 139 10.513704257741
28 189 7.680069835098
28 191 2.833979758848
28 207 7.228194680431
28 216 10.141241129077
28 221 3.703807457971
29 87 10.756728093561
29 38 11.346880018057
29 110 12.184793318145
29 128 6.417500622611
29 140 3.019780522361
29 146 3.098858860834
29 151 11.693052163260
29 177 5.696880621137
30 81 3.515307336161
30 46 10.386460719241
30 39 11.148635205196
30 100 11.257233196083
30 41 12.399888011112
30 56 13.287617053235
30 89 13.413970824146
30 69 15.287915712845
30 147 6.195325352342
30 199 10.073592454705
30 204 1.695185433520
31 95 1.922716664109
31 72 3.592355218166
31 34 4.423978701992
31 86 8.132840829012
31 118 8.863582925014
31 96 9.154417145615
31 36 13.321523875029
31 54 14.969375715280
31 66 20.162835869358
31 124 3.656470331978
31 127 10.251424975632
31 132 2.710679074336
31 143 3.560216725249
31 175 8.442336165636
31 178 4.196685082868
31 209 12.066624566790
31 212 11.326005350965
32 75 1.855873602089
32 65 2.800709909567
32 83 6.120415630268
32 54 9.368155597337
32 66 10.923105246937
32 145 6.289608395095
32 194 7.566049524405
32 217 6.225123332593
33 49 0.944948453522
33 55 1.195203035137
33 99 5.565336211172
33 113 6.203121372141
33 101 6.748277132324
33 42 7.028860877796
33 58 9.313905844643
33 79 9.972253693364
33 50 11.202935430067
33 117 13.225658780488
33 114 21.964911952250
33 159 3.910981377470
33 187 9.252049947085
33 192 6.999367081894
34 95 3.478965429700
34 72 6.748981836728
34 118 8.053417332058
34 86 9.341838420720
34 96 12.722544718270
34 36 14.234354070816
34 54 19.376996794587
34 124 4.543954766238
34 127 9.317639362588
34 132 7.081013304901
34 143 0.922118521142
34 155 12.781756846876
34 175 9.017885076433
34 178 4.040344822941
34 209 11.669230033523
35 90 0.854919097509
35 88 14.870070630404
35 98 16.821579162391
35 150 7.045416502570
35 167 4.988618428169
35 168 8.859693546313
35 169 3.949967961398
35 172 7.832435853587
35 201 7.344200190599
35 206 6.883692902945
36 86 5.195607548900
36 96 9.186135866652
36 57 10.051733785267
36 72 10.067742776130
36 95 14.878141375036
36 121 17.072370206489
36 118 21.780062416505
36 124 10.127949035417
36 127 6.325410549214
36 129 10.890857860331
36 155 5.241950287525
36 209 4.260137207154
37 47 5.195600975736
37 67 8.443615480226
37 62 10.074771361044
37 120 11.260412733986
37 59 12.735415104660
37 126 7.084623134244
37 137 7.600457307049
37 171 2.160146642022
37 193 7.982794918477
37 197 2.735940740741
38 87 0.630881945938
38 110 1.931778251216
38 85 10.911302238840
38 51 15.483572750335
38 94 15.515641196102
38 104 15.579619021106
38 111 17.362183235369
38 146 13.982755833623
38 151 3.367863587084
38 152 6.021840093199
38 163 8.408813045601
38 177 10.397134534504
39 89 2.383866090009
39 69 6.081727187543
39 70 6.139402789675
39 122 10.645721669212
39 81 11.119554806309
39 46 13.901921030141
39 41 19.200047149411
39 100 17.576407120730
39 125 5.722452498327
39 147 11.494826609415
39 181 7.467712645324
39 196 5.501637916436
39 204 9.549651462886
39 211 9.334517849397
40 92 5.079780615175
40 59 9.349176662107
40 50 10.405514517440
40 62 11.892385472091
40 104 13.894547361018
40 94 14.630584080321
40 174 4.974743207767
40 186 4.623778386494
40 195 8.593759342677
40 210 8.581482170194
40 219 7.320157071402
40 220 12.513994294775
41 100 1.651825553924
41 46 5.992623286038
41 56 9.399059982832
41 88 14.730572571855
41 81 15.876984068429
41 89 20.577198022036
41 147 7.855059463613
41 199 9.551078664601
41 204 12.551350230386
42 58 2.369049781369
42 101 5.993080186338
42 49 6.213440018319
42 117 7.104340836324
42 55 7.509431815852
42 113 13.020682021602
42 79 13.645608340401
42 114 14.953704288843
42 138 18.019077036117
42 148 12.648102808875
43 163 4.561359806003
44 102 3.526153772781
44 122 15.752684313253
45 98 5.366762568344
45 80 18.632804158903
45 130 10.956530369595
45 200 10.722347170369
46 56 4.069537432565
46 100 4.400652538240
46 88 8.806950441319
46 81 13.754564453053
46 147 4.213575564594
46 165 9.510609575161
46 199 3.595487141104
46 204 9.718912107554
47 67 9.428542855816
47 62 10.848592471039
47 59 13.175536527878
47 120 16.152699292584
47 126 5.521176161582
47 144 10.017151310808
47 171 3.522675665391
47 193 10.271589492294
47 197 7.806456634694
48 102 4.791720043191
48 122 12.735438764171
48 70 13.246465918528
48 69 13.805699576715
48 181 12.566317993556
49 55 1.997793766246
49 99 5.802480382205
49 101 6.647455112449
49 113 6.861432649921
49 58 8.534738878349
49 79 10.648150712999
49 50 10.952587866947
49 117 12.627265602810
49 114 21.112250382865
49 159 4.742346001907
49 187 9.264894361985
49 192 7.123351322574
50 99 6.778569253017
50 113 9.592386746812
50 55 12.252997980115
50 59 13.134983112175
50 92 14.360442545695
50 101 17.457004756539
50 174 11.394482840632
50 186 6.687139766635
50 187 3.376868784100
50 192 5.339317806523
50 210 3.743657884642
51 111 4.689346686389
51 116 9.419503515941
51 108 12.633274753545
51 87 15.971052716467
51 110 16.763796204033
51 103 18.889592739035
51 52 24.187956569140
51 152 9.467789289864
51 163 11.384220421600
51 176 4.530923319951
51 179 6.700503933851
51 184 9.263969857204
51 205 3.062672206578
51 208 6.987758941768
52 74 7.422814258283
52 77 9.312926044894
52 116 14.815262727308
52 123 15.883923904445
52 64 17.734089889776
52 115 18.036424057016
52 111 19.917465790273
52 121 20.741847660250
52 182 8.767084052676
52 198 6.101889498960
52 203 7.639083973549
53 120 2.760757098759
53 106 4.034552426235
53 76 7.008319104857
53 82 7.882720290179
53 84 8.009150272278
53 71 9.547049437416
53 93 10.329178376939
53 131 6.033755406972
53 137 7.181554948575
53 141 4.594855999412
53 157 6.084627700032
53 189 2.910376918130
53 191 7.798451844550
53 218 7.997024614400
54 66 5.645412306148
54 65 7.174794849020
54 83 9.327492513526
54 75 9.551048470156
54 96 9.612242203643
54 78 12.848527704002
54 91 12.989674038254
54 72 13.541966796745
54 86 16.161517441832
54 145 3.108572233835
54 156 6.739914175442
54 162 7.132120220011
54 188 7.995822155133
54 190 8.079923774926
54 202 6.259691499315
54 212 10.546085403513
54 217 3.208223847627
55 101 6.194429462588
55 99 6.288297328215
55 113 6.342336240505
55 79 8.780138715932
55 58 9.690098237311
55 117 13.249560381390
55 159 3.758190075860
55 192 7.801392104763
56 88 5.738318837375
56 100 8.015683727280
56 81 16.343527389429
56 90 18.259627262411
56 147 7.296866205199
56 165 6.351438026987
56 172 12.509958289412
56 199 3.450071788841
56 201 13.144238889050
56 204 12.230015499311
57 121 7.060955412594
57 64 10.148046228941
57 115 11.254455178748
57 123 12.565244802591
57 86 15.194848688563
57 77 18.981973066665
57 129 1.217359120873
57 155 12.882846182951
57 170 10.707788732569
58 117 5.024143886207
58 101 6.834175446059
58 114 12.798950536751
58 79 14.890115081385
58 113 15.369976630848
58 138 15.766554366815
58 148 10.359796709426
59 62 2.665851674495
59 92 7.210416999330
59 126 7.770282635375
59 174 4.415831216455
59 186 7.704586783901
59 195 4.189710352364
59 210 9.423819499304
59 219 6.190548295672
60 73 3.955591172699
60 112 5.258662270432
60 97 9.317127635941
60 68 13.798532612468
60 82 12.449868241022
60 84 12.158798587012
60 105 12.326526755903
60 134 7.048280702873
60 139 8.635706155399
60 158 4.701184567834
60 166 10.824536974715
60 207 2.611005659065
60 216 7.909518707895
61 107 6.836742979815
61 160 9.121202511518
62 92 9.087609934283
62 126 5.708603174032
62 171 8.947176578613
62 174 6.918327890991
62 186 10.341800180294
62 195 5.106977459324
62 219 7.487957511796
63 121 7.003076909597
63 115 7.442374590052
63 123 9.698772425650
63 64 11.407788651242
63 74 18.114150827120
63 133 3.772238792554
63 170 6.452246160816
63 214 10.163149942211
64 121 4.460860328864
64 123 5.655257729044
64 115 6.585963496014
64 77 8.844127954607
64 74 10.771596671826
64 103 12.500897773510
64 129 9.005495351081
64 170 7.113585605096
64 198 12.683859577007
64 215 6.212989911952
65 75 2.380553128363
65 83 4.266632167026
65 66 8.123937956205
65 96 16.654239888532
65 145 4.093003791902
65 188 9.370737990452
65 194 10.322332311808
65 202 10.648725312168
65 217 3.973457799413
66 75 10.090596658554
66 96 13.169873313654
66 72 18.217145148855
66 145 6.119063058774
66 156 9.617987192025
66 162 9.706545011468
66 188 2.357445537863
66 202 2.845380383157
66 217 6.011534970494
67 135 7.962454066411
67 144 4.560321182529
67 185 9.081591142051
67 193 2.388629218093
68 105 1.902541540278
68 107 9.669617312714
68 73 9.955712302973
68 112 12.277727603872
68 119 12.390355348770
68 97 20.218212003867
68 134 10.233257732735
68 142 11.284423156563
68 158 9.097517608961
68 160 1.431369876555
68 166 7.913075758946
68 222 9.979206404886
69 70 0.613020103851
69 122 5.390022850103
69 89 6.039881782141
69 102 15.196661096398
69 125 3.342360903541
69 181 2.216040813231
69 211 3.283090688462
70 122 4.964408264637
70 89 6.325350229847
70 102 14.586516887023
70 125 3.924795007028
70 181 1.702193551552
70 196 11.318662105621
70 211 3.413846732804
72 86 5.027867748834
72 95 5.461773818729
72 96 5.975065500895
72 118 12.455674334133
72 124 2.868897654658
72 127 8.343977401881
72 132 2.838474759657
72 143 5.845528058236
72 155 11.274624721253
72 156 9.235747693757
72 162 9.464960259611
72 178 7.760205082366
72 190 9.032703764408
72 209 9.599090149171
72 212 7.921121395442
73 112 4.121044452903
73 105 8.406157883977
73 97 11.254222853466
73 134 4.388422540085
73 139 8.384387684311
73 158 1.125102233753
73 160 10.720945803372
73 166 7.360080095675
73 207 6.537017946363
73 216 7.750137623571
73 222 13.713541934884
74 103 2.357341866725
74 123 8.476750710691
74 115 10.673474482720
74 116 12.466871968443
74 121 13.377101926871
74 111 16.092479276938
74 182 4.601602786474
74 198 1.975390632943
74 203 8.410548529661
74 215 5.764911463809
75 83 4.414597618942
75 145 6.457847253849
75 188 10.999141582715
75 194 8.968773104979
75 217 6.345215946959
76 82 2.345838177894
76 84 2.891041929331
76 106 3.556230503336
76 93 8.093513419884
76 120 8.467288799822
76 97 12.695536818378
76 153 5.734145655315
76 157 5.647699316950
76 189 4.100469991908
76 191 4.303233000669
76 221 9.111124166544
77 116 16.779190912846
77 182 8.961403294612
77 215 6.613228713270
78 91 2.659248158850
78 96 14.661727466068
78 164 2.095955436971
78 180 4.877626751237
78 190 5.650550573401
79 101 8.108243500941
79 113 12.202842969060
79 99 14.006395007588
79 117 15.810280661996
80 98 13.290376932715
80 130 7.677974127332
80 183 11.857960788180
80 200 7.911792909325
81 89 13.502453949247
81 100 14.766683804304
81 147 9.541052764340
81 204 4.118270284024
82 84 0.571085469133
82 106 3.871286652123
82 120 9.873696857039
82 93 10.415885637864
82 97 10.621719220910
82 153 7.955090290817
82 157 7.887445257990
82 189 5.209404770044
82 191 2.239193548176
82 221 6.765432800209
83 145 6.879310098388
83 188 7.427676603181
83 217 6.697510091035
84 106 3.974692401479
84 97 10.062553383327
84 120 10.112477889387
84 93 10.974856571312
84 153 8.525212132679
84 157 8.367857206800
84 189 5.440917655360
84 191 1.718796544250
84 221 6.226632167233
85 110 9.197437753113
85 87 11.205031457319
85 94 13.426775151690
85 104 14.041687696605
85 151 9.062557084886
86 96 6.681063817235
86 95 9.688871367650
86 118 16.629719903876
86 124 5.000061076035
86 127 4.608136690769
86 132 7.844802526508
86 143 8.681020319916
86 155 6.654464508120
86 156 10.193709780909
86 162 10.140466981383
86 209 4.904333257130
86 212 7.085686529061
87 110 2.045283840257
87 94 15.193702358248
87 104 15.228841946698
87 111 17.729838149334
87 140 13.513357550781
87 146 13.368061476676
87 151 3.178634664998
87 152 6.503379917510
87 163 8.474579134508
87 177 9.776130603022
88 100 13.189539492594
88 90 14.020117531124
88 147 9.902616653928
88 165 0.716496510513
88 167 9.886193981505
88 172 7.414430982445
88 199 5.624956352791
88 201 8.035206164916
89 122 11.236317173871
89 100 18.930969670620
89 125 4.372969407749
89 181 7.934097420448
89 204 11.779706186994
89 211 8.986934308272
90 98 17.021946739468
90 150 6.959818978532
90 167 4.143816845846
90 168 9.103311719690
90 169 4.795760654392
90 172 7.026470333174
90 201 6.556144060522
90 206 6.469098009957
91 96 12.990677686945
91 164 0.850922279788
91 180 6.348515817406
91 190 5.000705332547
92 104 10.716773988427
92 94 11.297527761630
92 174 3.832609176603
92 186 7.703403608723
92 195 4.411518177420
92 219 2.414504128973
93 120 9.324611623647
93 106 9.897911079598
93 141 9.133152530122
93 153 2.821279375960
93 157 4.246401586723
94 104 0.832510402810
94 110 13.934194500900
94 151 12.201044035035
94 220 7.226663858181
95 118 7.034309374206
95 96 11.070570442055
95 124 4.834542810021
95 127 11.181412417516
95 132 4.431221968295
95 143 2.873323130308
95 175 6.925274081749
95 178 2.299095532733
96 124 8.526674177877
96 127 11.288995008555
96 132 6.918424605963
96 155 12.919021018287
96 156 3.593442673744
96 162 3.664362867223
96 190 9.333334186833
96 202 11.463261819331
96 209 11.209715790322
96 212 2.460134116053
97 112 7.945477820825
97 106 10.976481177604
97 105 18.372877387584
97 134 10.110166370026
97 139 5.603795383102
97 191 8.423018547015
97 207 8.312029268897
97 216 5.492178923747
97 221 5.836258431410
98 109 8.319095341840
98 130 5.633812215484
98 150 10.576211132323
98 161 11.600812682251
98 168 7.970919184578
98 183 4.538414992827
98 200 5.381929093690
99 113 3.227406186893
99 101 12.313581473941
99 117 18.222072328287
99 159 4.182004838115
99 187 3.981028156462
99 192 1.582690398224
99 210 7.526499258476
100 147 6.313554759971
100 199 7.925478975510
100 204 11.250302642548
101 117 8.189687412164
101 113 12.481967821105
101 114 18.905445778899
101 148 16.052036694637
101 159 9.793494053900
102 122 12.356201546540
102 181 13.413759626663
103 123 9.247490650732
103 116 10.276117065407
103 115 11.219970170524
103 111 14.281329095429
103 121 14.556335299928
103 182 2.452906236019
103 198 1.219454834292
103 203 6.177562096854
103 215 6.805974214615
104 110 14.062816746612
104 151 12.306769525707
104 220 6.532776617999
105 107 9.590231905644
105 112 10.446053070367
105 119 12.505921583169
105 134 8.348580059856
105 142 11.518318946475
105 158 7.653090158881
105 160 2.315038331487
105 166 6.093005821937
105 222 11.030030719683
106 120 6.272011821613
106 141 7.965715991111
106 153 8.236743402882
106 157 6.150951995164
106 189 1.767553861873
106 191 3.945675396513
106 221 9.097366849916
107 119 3.043249963068
107 142 2.479072786492
107 160 11.076803292410
107 166 13.194951563295
107 222 6.262236469821
108 111 17.193836520814
108 184 3.634488814412
108 205 11.615346619834
108 208 5.695907525163
108 223 9.030049195298
109 130 3.850435193535
109 161 4.044408905627
109 183 5.283777134541
109 200 4.164573676003
110 151 1.782979666437
110 152 7.431352018617
110 163 10.334357693162
111 116 5.624062910608
111 152 11.575950919146
111 176 3.197500901840
111 179 5.619116679189
111 182 11.863668105078
111 184 13.704299677854
111 203 12.907932445255
111 205 7.108996236760
111 208 11.500530686666
112 134 2.498463010086
112 139 4.264809204598
112 158 5.149790130210
112 160 12.633664807984
112 166 6.617937185410
112 207 6.885906168546
112 216 3.646475375002
113 117 19.428750875729
113 159 2.732885275401
113 187 6.362359018181
113 192 4.298217622428
113 210 9.351240303578
114 117 11.272073365600
114 136 13.390504731325
114 138 3.480773743910
114 148 3.166865075066
114 154 12.514378001915
115 123 2.314069643973
115 121 4.683592107581
115 129 10.590967113244
115 133 6.973728887212
115 170 1.005494155541
115 198 12.001855898550
115 214 9.650088478993
115 215 5.052950630564
116 176 8.712189464507
116 179 4.857446505151
116 182 7.871063499238
116 198 11.319451042500
116 203 7.444351960775
116 208 15.087800982043
117 138 13.429227298570
117 148 8.198926396503
118 143 8.318161215376
118 175 2.707155570640
118 178 4.765516188388
119 142 1.286989198790
119 160 13.818351370818
119 222 6.238084265264
120 131 5.090891702841
120 137 4.833426897031
120 141 1.834759210045
120 153 9.501196871291
120 157 5.384463889414
120 189 4.672010425294
120 191 10.204385066677
120 197 8.527333301147
120 218 5.317378743879
121 123 5.548204539425
121 129 6.192296843753
121 170 4.535689977191
121 215 7.754184912870
122 125 8.553854892400
122 181 3.303011709305
122 211 4.333394989132
123 129 11.738262841693
123 133 8.769157156932
123 170 3.316528275194
123 182 9.243000175497
123 198 9.925944865284
123 203 14.446317243045
123 214 11.082147434243
123 215 2.764084221968
124 143 3.771838904300
124 132 4.839814417390
124 127 6.599637884348
124 178 6.922131126462
124 209 8.444540568639
124 155 9.926827363806
124 212 10.140563225969
125 211 5.171380415107
125 181 5.543095350868
126 171 5.102750544833
126 195 6.811464231322
126 197 8.343285688493
126 219 8.702680754914
126 174 10.777889785060
127 209 2.504313097033
127 155 3.477871414833
127 143 9.056493404004
127 132 11.056921883728
127 212 11.530727851894
128 146 3.346598566327
128 140 3.411858398865
128 177 8.137504958706
129 170 10.129686212102
129 155 13.324240715225
130 200 0.331093708701
130 183 5.039837655099
130 161 6.113361802910
131 137 3.776450429998
131 141 5.170686027421
131 197 8.796320260390
131 189 8.900989606232
132 143 6.185157189261
132 178 6.484078049968
132 190 6.520063255981
132 156 9.436417544195
132 162 9.806796799731
132 209 12.426107805022
132 212 9.263962751481
133 170 6.230092883025
133 215 11.370719567613
134 166 4.129972627154
134 158 5.033438393094
134 216 5.040626145588
134 139 5.414377676028
134 207 9.073821280456
134 160 10.427365661719
135 185 1.623431271909
135 144 6.162217896632
135 193 9.440963647083
136 154 6.267465682450
136 138 12.606957246457
136 213 15.808091199252
136 148 16.557216583772
137 141 3.558317850870
137 197 5.055665001079
137 157 9.214816641741
137 171 9.451075547294
137 193 10.411969548774
138 148 5.440707744262
138 154 10.190571505362
139 216 0.726335308906
139 166 8.421168829841
139 207 9.272571783853
139 158 9.410184116069
139 221 11.437602755195
139 191 13.204034068006
140 146 0.517368648263
140 177 6.364108631899
141 157 5.724615512404
141 189 6.282784131056
141 197 6.706830429122
142 222 5.088030715921
142 160 12.715612592300
143 178 3.945309323704
143 175 9.008679175549
143 155 12.534285824250
143 209 11.326693113537
144 193 6.934561184119
144 185 7.737495730624
145 217 0.187443606187
145 202 7.897505672459
145 188 8.152730556034
145 190 8.992715478925
145 156 9.840913851118
145 162 10.239948595059
146 177 5.924122815920
147 199 4.531711652911
147 204 5.526536479919
147 165 10.599610699609
148 213 7.456288383818
148 154 15.374822886334
150 206 2.775956340050
150 168 3.651939064640
150 201 7.123408351026
150 167 7.326346017653
150 172 7.733193575243
150 169 9.102809437114
150 183 9.985923957287
151 152 9.181884223451
151 163 11.647605213684
152 163 5.841572979114
152 205 6.889799435554
152 176 8.522641610510
152 184 14.177572202700
152 208 12.318724024984
152 223 14.697279108781
153 157 4.152775342589
153 189 7.484838840806
153 191 10.034964037503
155 209 1.752455755961
155 212 12.502847530446
156 162 0.562523330251
156 212 3.823030282589
156 202 7.877917391785
156 190 9.423623990222
156 217 9.946873865476
156 188 11.565149987754
157 189 4.701886865034
157 191 9.354816444923
158 207 7.312187865668
158 166 7.444188817119
158 216 8.794947015020
158 160 9.955151209680
158 222 12.601757594795
159 192 5.718489466070
159 187 8.087338907536
160 166 7.592594084676
160 222 11.284813887371
161 200 6.423084046382
161 183 9.262144558441
162 212 3.523834490108
162 202 7.824850092678
162 190 9.978643664405
162 217 10.339703428776
163 205 10.105539480019
164 180 5.500550006533
164 190 5.595182987311
165 199 6.340910635812
165 172 6.699260784476
165 201 7.319352990515
165 167 9.197433168465
166 216 8.324287647012
166 207 13.061950253899
167 201 2.749025859429
167 172 3.060283188870
167 206 5.285408881445
167 169 8.938099917433
167 168 10.604190138772
168 206 6.426007229457
168 183 8.898997971215
168 169 9.401076626937
168 201 10.738546207404
168 172 11.356967376288
169 206 9.947725667108
169 201 11.235610918567
169 195 11.240943425143
169 172 11.748777890173
170 215 6.058338990358
170 214 9.226029431007
170 198 12.960178105608
171 197 4.400529257374
171 193 9.545397500358
171 195 11.713494804776
172 201 0.635129117482
172 206 5.042547784894
174 195 4.364904953459
174 219 4.433908217382
174 186 4.823489021535
174 210 8.175436274420
174 187 11.700930814512
175 178 5.066248293951
176 205 5.527241322657
176 179 8.493479472650
176 208 11.348681791569
176 184 13.652213683510
176 203 15.777584312715
179 223 7.135923039251
179 205 9.744345357117
179 208 10.775678785354
179 203 11.361075683006
179 184 12.445001681015
179 182 12.708954083358
180 190 10.511801627121
181 211 3.225444188727
181 196 12.812399875312
182 198 3.607073736879
182 203 5.210464895560
182 215 7.300322671141
183 200 5.046720774042
183 206 11.433827294973
184 208 2.305552758091
184 223 5.493292398334
184 205 8.765076816346
185 193 10.281708932893
186 210 4.056738654400
186 187 7.682835978767
186 219 9.092148304027
186 195 9.152972068292
186 192 10.020622034341
187 192 2.398509300725
187 210 3.643174104771
188 202 3.900191350994
188 217 8.020318713136
189 191 5.668904411511
189 221 10.856016273796
190 217 9.179751202486
190 212 11.625750614432
191 221 5.239986473346
191 207 8.198224773575
191 216 12.781153253363
192 210 5.963896880946
193 197 8.926310167375
195 219 2.410051774751
195 210 12.125928278609
198 203 6.524967211380
198 215 7.338364529498
199 204 8.892553632054
201 206 4.459258318044
202 217 7.843673582843
202 212 10.980174445076
203 215 12.464561748569
205 208 6.520608225339
205 223 7.895212195097
207 216 8.573621772296
207 221 10.690417772951
209 212 10.908496839304
210 219 12.609106249321
216 221 11.287156467870
